45
-2.3596203984775568e-01 2.5000000000000000e-01 2.5000000000000000e-01 2.5000000000000000e-01 2.5000000000000000e-01
2.4487896356056228e-02 1.2747093656663902e-01 1.2747093656663902e-01 1.2747093656663902e-01 6.1758719030008302e-01
2.4487896356056228e-02 1.2747093656663902e-01 1.2747093656663902e-01 6.1758719030008302e-01 1.2747093656663902e-01
2.4487896356056228e-02 1.2747093656663902e-01 6.1758719030008302e-01 1.2747093656663902e-01 1.2747093656663902e-01
2.4487896356056228e-02 6.1758719030008302e-01 1.2747093656663902e-01 1.2747093656663902e-01 1.2747093656663902e-01
3.9485206398260511e-03 3.2078830392632297e-02 3.2078830392632297e-02 3.2078830392632297e-02 9.0376350882210310e-01
3.9485206398260511e-03 3.2078830392632297e-02 3.2078830392632297e-02 9.0376350882210310e-01 3.2078830392632297e-02
3.9485206398260511e-03 3.2078830392632297e-02 9.0376350882210310e-01 3.2078830392632297e-02 3.2078830392632297e-02
3.9485206398260511e-03 9.0376350882210310e-01 3.2078830392632297e-02 3.2078830392632297e-02 3.2078830392632297e-02
2.6305552950737082e-02 4.9777095643281019e-02 4.9777095643281019e-02 4.5022290435671897e-01 4.5022290435671897e-01
2.6305552950737082e-02 4.9777095643281019e-02 4.5022290435671897e-01 4.9777095643281019e-02 4.5022290435671897e-01
2.6305552950737082e-02 4.9777095643281019e-02 4.5022290435671897e-01 4.5022290435671897e-01 4.9777095643281019e-02
2.6305552950737082e-02 4.5022290435671897e-01 4.9777095643281019e-02 4.9777095643281019e-02 4.5022290435671897e-01
2.6305552950737082e-02 4.5022290435671897e-01 4.9777095643281019e-02 4.5022290435671897e-01 4.9777095643281019e-02
2.6305552950737082e-02 4.5022290435671897e-01 4.5022290435671897e-01 4.9777095643281019e-02 4.9777095643281019e-02
8.2980383055058907e-02 1.8373044739854993e-01 1.8373044739854993e-01 3.1626955260145007e-01 3.1626955260145007e-01
8.2980383055058907e-02 1.8373044739854993e-01 3.1626955260145007e-01 1.8373044739854993e-01 3.1626955260145007e-01
8.2980383055058907e-02 1.8373044739854993e-01 3.1626955260145007e-01 3.1626955260145007e-01 1.8373044739854993e-01
8.2980383055058907e-02 3.1626955260145007e-01 1.8373044739854993e-01 1.8373044739854993e-01 3.1626955260145007e-01
8.2980383055058907e-02 3.1626955260145007e-01 1.8373044739854993e-01 3.1626955260145007e-01 1.8373044739854993e-01
8.2980383055058907e-02 3.1626955260145007e-01 3.1626955260145007e-01 1.8373044739854993e-01 1.8373044739854993e-01
2.5442624548102345e-02 2.3190108939715090e-01 2.3190108939715090e-01 2.2917787844817118e-02 5.1328003336088113e-01
2.5442624548102345e-02 2.3190108939715090e-01 2.3190108939715090e-01 5.1328003336088113e-01 2.2917787844817118e-02
2.5442624548102345e-02 2.3190108939715090e-01 2.2917787844817118e-02 2.3190108939715090e-01 5.1328003336088113e-01
2.5442624548102345e-02 2.3190108939715090e-01 5.1328003336088113e-01 2.3190108939715090e-01 2.2917787844817118e-02
2.5442624548102345e-02 2.3190108939715090e-01 2.2917787844817118e-02 5.1328003336088113e-01 2.3190108939715090e-01
2.5442624548102345e-02 2.3190108939715090e-01 5.1328003336088113e-01 2.2917787844817118e-02 2.3190108939715090e-01
2.5442624548102345e-02 5.1328003336088113e-01 2.3190108939715090e-01 2.3190108939715090e-01 2.2917787844817118e-02
2.5442624548102345e-02 2.2917787844817118e-02 2.3190108939715090e-01 2.3190108939715090e-01 5.1328003336088113e-01
2.5442624548102345e-02 5.1328003336088113e-01 2.3190108939715090e-01 2.2917787844817118e-02 2.3190108939715090e-01
2.5442624548102345e-02 2.2917787844817118e-02 2.3190108939715090e-01 5.1328003336088113e-01 2.3190108939715090e-01
2.5442624548102345e-02 5.1328003336088113e-01 2.2917787844817118e-02 2.3190108939715090e-01 2.3190108939715090e-01
2.5442624548102345e-02 2.2917787844817118e-02 5.1328003336088113e-01 2.3190108939715090e-01 2.3190108939715090e-01
1.3432438437685209e-02 3.7970048471828610e-02 3.7970048471828610e-02 7.3031342780753838e-01 1.9374647524880440e-01
1.3432438437685209e-02 3.7970048471828610e-02 3.7970048471828610e-02 1.9374647524880440e-01 7.3031342780753838e-01
1.3432438437685209e-02 3.7970048471828610e-02 7.3031342780753838e-01 3.7970048471828610e-02 1.9374647524880440e-01
1.3432438437685209e-02 3.7970048471828610e-02 1.9374647524880440e-01 3.7970048471828610e-02 7.3031342780753838e-01
1.3432438437685209e-02 3.7970048471828610e-02 7.3031342780753838e-01 1.9374647524880440e-01 3.7970048471828610e-02
1.3432438437685209e-02 3.7970048471828610e-02 1.9374647524880440e-01 7.3031342780753838e-01 3.7970048471828610e-02
1.3432438437685209e-02 7.3031342780753838e-01 3.7970048471828610e-02 3.7970048471828610e-02 1.9374647524880440e-01
1.3432438437685209e-02 1.9374647524880440e-01 3.7970048471828610e-02 3.7970048471828610e-02 7.3031342780753838e-01
1.3432438437685209e-02 7.3031342780753838e-01 3.7970048471828610e-02 1.9374647524880440e-01 3.7970048471828610e-02
1.3432438437685209e-02 1.9374647524880440e-01 3.7970048471828610e-02 7.3031342780753838e-01 3.7970048471828610e-02
1.3432438437685209e-02 7.3031342780753838e-01 1.9374647524880440e-01 3.7970048471828610e-02 3.7970048471828610e-02
1.3432438437685209e-02 1.9374647524880440e-01 7.3031342780753838e-01 3.7970048471828610e-02 3.7970048471828610e-02
